0.0
0.0
-4.847782276319881E-14
-4.8477822763022416E-14
-4.847782276425716E-14
-4.8477822766373863E-14
-4.847782276319881E-14
-4.8477822757201493E-14
-4.847782276425716E-14
-4.847782276849056E-14
-4.847782275014583E-14
-4.8477822767784997E-14
-4.8477822767079427E-14
-4.8477822757201493E-14
-4.8477822762846027E-14
-4.847782276496273E-14
-4.847782276214046E-14
-4.8477822752968094E-14
-4.847782277695736E-14
-4.8477822757201493E-14
-4.8477822762846027E-14
-4.8477822765668293E-14
-4.847782277096004E-14
-4.8477822760729324E-14
-4.847782276355159E-14
-4.847782276681484E-14
-4.847782275786296E-14
-4.847782276639591E-14
-4.84778227638465E-14
0.0
0.0
