2.952299406258548E-11
0.0
-2.6468891228519695E-11
-4.70558066284694E-11
-6.22132058789715E-11
-7.239354865915332E-11
-7.80492946481578E-11
-7.9632903525123E-11
-7.759683496914418E-11
-7.239354865932154E-11
-6.447550427480802E-11
-5.4295161494690713E-11
-4.230497999805309E-11
-2.895741946405772E-11
-1.4704939571817843E-11
-4.268510454715046E-22
1.470493957098507E-11
2.895741946329087E-11
4.23049799974199E-11
5.429516149423226E-11
6.447550427456851E-11
7.239354865933542E-11
7.759683496939989E-11
7.963290352559094E-11
7.804929464876066E-11
7.23935486597957E-11
6.221320587955437E-11
4.7055806628921465E-11
2.6468891228783723E-11
0.0
2.9522994062889025E-11
