-3.631531876554684E-9
-3.0089835548587125E-9
-2.386435233162742E-9
-1.8100016019630053E-9
-1.2796826612593423E-9
-7.954784110529218E-10
-3.5738885134575207E-10
3.458601786516705E-11
3.804461965855555E-10
6.801916848086911E-10
9.338224825305445E-10
1.1413385897685677E-9
1.302740006506046E-9
1.4180267327435701E-9
1.4871987684906064E-9
1.5102561137417335E-9
1.4871987684948728E-9
1.418026732752742E-9
1.3027400065241193E-9
1.141338589786112E-9
9.338224825576295E-10
6.801916848332621E-10
3.8044619661028617E-10
3.4586017883698175E-11
-3.573888513367831E-10
-7.954784110538316E-10
-1.2796826612705613E-9
-1.8100016019784517E-9
-2.386435233185625E-9
-3.008983554889649E-9
-3.631531876593673E-9
