6.456056669443005E-9
6.025652891475932E-9
5.595249113513301E-9
5.164845335549199E-9
4.7344415575803895E-9
4.304037779596754E-9
3.873634001617747E-9
3.443230223679435E-9
3.0128264457364455E-9
2.5824226677432817E-9
2.152018889812757E-9
1.7216151118856749E-9
1.2912113338833454E-9
8.608075559279487E-10
4.3040377799142827E-10
1.99091546566385E-20
-4.304037779486265E-10
-8.608075558635164E-10
-1.291211333844273E-9
-1.721615111843619E-9
-2.152018889779967E-9
-2.582422667754298E-9
-3.012826445764602E-9
-3.4432302237529896E-9
-3.8736340017084725E-9
-4.30403777969095E-9
-4.734441557648227E-9
-5.164845335603637E-9
-5.595249113585584E-9
-6.0256528915902514E-9
-6.456056669526773E-9
