-1.581588967638508E-10
0.0
-1.581588967638508E-10
-5.671905263254219E-10
-1.166497610231052E-9
-1.9003306523033824E-9
-2.7177879386414802E-9
-3.5728155376210497E-9
-4.424207299894116E-9
-5.235604858388425E-9
-5.975497628308149E-9
-6.617222807134311E-9
-7.13896537462295E-9
-7.523758092806878E-9
-7.759481505995615E-9
-7.838863940774402E-9
-7.759481506004762E-9
-7.523758092824722E-9
-7.138965374648529E-9
-6.617222807165725E-9
-5.9754976283435525E-9
-5.2356048584249705E-9
-4.424207299929222E-9
-3.572815537652116E-9
-2.717787938666559E-9
-1.9003306523215308E-9
-1.1664976102423653E-9
-5.671905263310798E-10
-1.581588967654769E-10
0.0
-1.581588967654769E-10
