-8.949279966258085E-13
0.0
-8.951122150289921E-13
-3.1611893456268567E-12
-6.426344681968152E-12
-1.0363863936101448E-11
-1.468958624760837E-11
-1.9158865567542463E-11
-2.3563289364708533E-11
-2.772732273115451E-11
-3.1505034385600135E-11
-3.477704680445033E-11
-3.744783588821552E-11
-3.94434864406854E-11
-4.0709988634726006E-11
-4.121213797440327E-11
-4.093307750865484E-11
-3.987449671761176E-11
-3.80574771104399E-11
-3.552395067550163E-11
-3.2338714423366155E-11
-2.8591922836084048E-11
-2.4401960501835874E-11
-1.9918579917952474E-11
-1.5326174644992834E-11
-1.0847045845068628E-11
-6.744510781016129E-12
-3.3256950089805604E-12
-9.43845556606615E-13
0.0
-9.43845556606615E-13
